+233 24 450 9113
+233 54 046 1152
+233 24 343 2493
+233 24 002 5796
+233 24 813 0060
+233 24 353 3034
+233 24 332 5066
+233 24 420 8878
+233 24 463 2343
+233 54 653 4329
+233 54 398 9467
+233 54 063 6111
+233 24 351 4280
+233 24 498 2721
+233 55 941 8753
+233 24 453 9096
+233 54 203 7109
+233 59 847 6427
+233 27 632 8297
+233 54 457 3042
+233 24 071 7024
+233 26 220 3611
+233 54 251 7905
+233 55 720 5676
+233 55 572 0391
+233 50 018 9537
+233 24 805 4190
+233 24 702 3693
+233 55 460 0706
+233 59 401 4633
+233 26 884 1450
+233 53 384 8444
+233 24 841 7896
+233 59 941 8463
+233 53 012 1872
+233 55 311 6757
+233 55 366 9408
+233 24 417 4778
+233 24 989 2219
